0.00061488
0.00001073
0.00000763
0.00000691
0.00000691
0.00000668
0.00000691
0.00000668
0.00000644
0.00000644
0.00000644
0.00000644
0.00000644
0.00000668
0.00000644
0.00000763
0.00000668
0.00000644
0.00000668
0.00000668
0.00000644
0.00000644
0.00000644
0.00000644
0.00000620
0.00000668
0.00000644
0.00000668
0.00000644
0.00000644
0.00000668
0.00000668
0.00000644
0.00000644
0.00000644
0.00000644
0.00000620
0.00000668
0.00000644
0.00000691
0.00000668
0.00000978
0.00000954
0.00000739
0.00000668
0.00000644
0.00000644
0.00000644
0.00000644
0.00000644
0.00000644
0.00000620
0.00000644
0.00000668
0.00000715
0.00000644
0.00000644
0.00000620
0.00000644
0.00000668
0.00000644
0.00000644
0.00000644
0.00000644
0.00000644
0.00000954
0.00000668
0.00000644
0.00000930
0.00001001
0.00001025
0.00000978
0.00001025
0.00002003
0.00001144
0.00001001
0.00001049
0.00000978
0.00001049
0.00001264
0.00001287
0.00001073
0.00001049
0.00000930
0.00001311
0.00000763
0.00000691
0.00000691
0.00000644
0.00001931
0.00000834
0.00000668
0.00000668
0.00000620
0.00000644
0.00000691
0.00000644
0.00000668
0.00000668
0.00000620
0.00000620
0.00000620
0.00000644
0.00000644
0.00000620
0.00000620
0.00000620
0.00000644
0.00000644
0.00000644
0.00000620
0.00000620
0.00000620
0.00000644
0.00000668
0.00000620
0.00000620
0.00000620
0.00000620
0.00000596
0.00000620
0.00000596
0.00001597
0.00000620
0.00000620
0.00000620
0.00000596
0.00000620
0.00000644
0.00000644
0.00000644
0.00000620
0.00000644
0.00000644
0.00000620
0.00000620
0.00000644
0.00000668
0.00000644
0.00000620
0.00000644
0.00000620
0.00000668
0.00000668
0.00000620
0.00000644
0.00000620
0.00000620
0.00000620
0.00000620
0.00000620
0.00000691
0.00000811
0.00000668
0.00000644
0.00000644
0.00000620
0.00000644
0.00000644
0.00000644
0.00000620
0.00000644
0.00000691
0.00000644
0.00000644
0.00000620
0.00000620
0.00000644
0.00000644
0.00000620
0.00000620
0.00000644
0.00000644
0.00000644
0.00000620
0.00000620
0.00000644
0.00000620
0.00000644
0.00000644
0.00000620
0.00000644
0.00000644
0.00000620
0.00000620
0.00000644
0.00000620
0.00000620
0.00000644
0.00000620
0.00000644
0.00000620
0.00000620
0.00000668
0.00000644
0.00000644
0.00000644
0.00000644
0.00000668
0.00000620
0.00000644
0.00000620
0.00000620
0.00000906
0.00000691
0.00000668
0.00000644
0.00000644
0.00000620
0.00000691
0.00000644
0.00000620
0.00001979
0.00000644
0.00000620
0.00000930
0.00001907
0.00001025
0.00000978
0.00001025
0.00001097
0.00001073
0.00000930
0.00001049
0.00001073
0.00001192
0.00001144
0.00001192
0.00001049
0.00001001
0.00001097
0.00001216
0.00000787
0.00000668
0.00000668
0.00000668
0.00001597
0.00000620
0.00000620
0.00000620
0.00000644
0.00000644
0.00000644
0.00000596
0.00000620
0.00000620
0.00000596
0.00000620
0.00000620
0.00000644
0.00000644
0.00000644
0.00000620
0.00000620
0.00000644
0.00000763
0.00000596
0.00000644
0.00000644
0.00000644
0.00000668
0.00000620
0.00000644
0.00000644
0.00001073
0.00000668
0.00000620
0.00000620
0.00000644
0.00000644
0.00000644
0.00000620
0.00000715
0.00000668
0.00000644
0.00000691
0.00000644
0.00000644
0.00000644
0.00000644
0.00000644
0.00000644
0.00000620
0.00000620
0.00000644
0.00000620
0.00000644
0.00000620
0.00000596
0.00000644
0.00000668
0.00000644
0.00000644
0.00000644
0.00000644
0.00000644
0.00000620
0.00000644
0.00000620
0.00000644
0.00000644
0.00000644
0.00000620
0.00000644
0.00000620
0.00000644
0.00000715
0.00000644
0.00000644
0.00000668
0.00000644
0.00000644
0.00000668
0.00000668
0.00000620
0.00000644
0.00000644
0.00000668
0.00000644
0.00000644
0.00000644
0.00000620
0.00000668
0.00000620
0.00000620
0.00000668
0.00000644
0.00000644
0.00000644
0.00000620
0.00000644
0.00000644
0.00000644
0.00000620
0.00000644
0.00000668
0.00000644
0.00000644
0.00000620
0.00000668
0.00000644
0.00000644
0.00000644
0.00000644
0.00000620
0.00000644
0.00000644
0.00000644
0.00000644
0.00000620
0.00000644
0.00000620
0.00000644
0.00000715
0.00000644
0.00000620
0.00000644
0.00000620
0.00000644
0.00000620
0.00000620
0.00000644
0.00000644
0.00000644
0.00000620
0.00000644
0.00000644
0.00000787
0.00000620
0.00000620
0.00000620
0.00000620
0.00000620
0.00000596
0.00000620
0.00000596
0.00000596
0.00000596
0.00000620
0.00000572
0.00000596
0.00000572
0.00000620
0.00000596
0.00000596
0.00000596
0.00000596
0.00000596
0.00000572
0.00000596
0.00000596
0.00000620
0.00000596
0.00000572
0.00000739
0.00000596
0.00000596
0.00000596
0.00000596
0.00000596
0.00000596
0.00000572
0.00000620
0.00000596
0.00000596
0.00000620
0.00000620
0.00000596
0.00000596
0.00000596
0.00000596
0.00000596
0.00000596
0.00000596
0.00000572
0.00000596
0.00000596
0.00000596
0.00000620
0.00000620
0.00000596
0.00000596
0.00000596
0.00000596
0.00000620
0.00000596
0.00000596
0.00000572
0.00000620
0.00000572
0.00000572
0.00000596
0.00000620
0.00000596
0.00000596
0.00000596
0.00000620
0.00000620
0.00000596
0.00000596
0.00000596
0.00000596
0.00000596
0.00000596
0.00000596
0.00000596
0.00000596
0.00000620
0.00000620
0.00000596
0.00000596
0.00000620
0.00000596
0.00000572
0.00000596
0.00000596
0.00000596
0.00000572
0.00000596
0.00000572
0.00000596
0.00000763
0.00000596
0.00000620
0.00000596
0.00000596
0.00000596
0.00000596
0.00000620
0.00000596
0.00000620
0.00000596
0.00000572
0.00000596
0.00000620
0.00000596
0.00000596
0.00000644
0.00000596
0.00000596
0.00000596
0.00000596
0.00000596
0.00000596
0.00000596
0.00000620
0.00000596
0.00000596
0.00000596
0.00000596
0.00000572
0.00000596
0.00000572
0.00000596
0.00000596
0.00000596
0.00000596
0.00000596
0.00000596
0.00000596
0.00000596
0.00000596
0.00000572
0.00000596
0.00000596
0.00000596
0.00000572
0.00000596
0.00000572
0.00000596
0.00000572
0.00000596
0.00000572
0.00000620
0.00000596
0.00000596
0.00000596
0.00000596
0.00000644
0.00000596
0.00000596
0.00000596
0.00000596
0.00000596
0.00000596
0.00000620
0.00000620
0.00000620
0.00000596
0.00000596
0.00000596
0.00000572
0.00000596
0.00000596
0.00000596
0.00000596
0.00000596
0.00000620
0.00000596
0.00000596
0.00000596
0.00000596
0.00000596
0.00000620
0.00000596
0.00000596
0.00000620
0.00000596
0.00000596
0.00000572
0.00000596
0.00000596
0.00000596
0.00000596
0.00000596
0.00000596
0.00000596
0.00000572
0.00000596
0.00000644
0.00000620
0.00000620
0.00000596
0.00000596
0.00000596
0.00000620
0.00000596
0.00000596
0.00000572
0.00000620
0.00000596
0.00000596
0.00000620
0.00000572
0.00000596
0.00000596
0.00000596
0.00000620
0.00000596
0.00000596
0.00000596
0.00000596
0.00000596
0.00000596
0.00000596
0.00000596
0.00000596
0.00000596
0.00000620
0.00000596
0.00000596
0.00000596
0.00000596
0.00000596
0.00000620
0.00000596
0.00000596
0.00000596
0.00000596
0.00000620
0.00000668
0.00000620
