0.00070381
0.00002289
0.00002956
0.00001955
0.00001478
0.00001431
0.00001121
0.00001097
0.00001097
0.00000954
0.00001216
0.00001216
0.00001502
0.00001431
0.00001478
0.00001597
0.00002861
0.00003147
0.00001717
0.00001216
0.00001311
0.00001025
0.00001979
0.00002289
0.00001502
0.00001168
0.00001073
0.00000930
0.00000906
0.00000978
0.00000906
0.00001073
0.00000930
0.00000954
0.00000834
0.00000954
0.00000882
0.00000954
0.00000906
0.00000834
0.00000858
0.00000906
0.00000858
0.00000811
0.00000834
0.00000834
0.00000834
0.00000906
0.00000906
0.00000811
0.00000930
0.00000787
0.00000906
0.00000834
0.00000906
0.00000858
0.00000811
0.00000787
0.00000858
0.00000834
0.00000811
0.00000882
0.00000811
0.00000811
0.00000906
0.00000930
0.00000858
0.00000954
0.00000954
0.00000834
0.00000834
0.00000858
0.00000811
0.00000811
0.00000811
0.00000811
0.00000811
0.00000882
0.00001121
0.00000906
0.00000978
0.00000906
0.00000882
0.00000834
0.00000906
0.00000858
0.00001454
0.00001097
0.00000954
0.00000978
0.00000978
0.00000954
0.00000906
0.00000882
0.00000906
0.00001001
0.00001693
0.00001359
0.00001860
0.00001478
0.00001216
0.00001001
0.00001073
0.00001073
0.00000930
0.00000978
0.00001264
0.00001621
0.00001454
0.00001192
0.00001025
0.00001335
0.00001097
0.00000930
0.00001025
0.00000954
0.00000930
0.00000906
0.00001025
0.00000858
0.00000882
0.00000906
0.00000930
0.00000834
0.00000834
0.00000906
0.00000834
0.00000930
0.00001025
0.00000882
0.00000882
0.00000882
0.00000882
0.00000834
0.00000811
0.00000882
0.00000811
0.00000811
0.00000858
0.00000811
0.00000787
0.00000882
0.00000811
0.00000811
0.00001025
0.00000906
0.00000834
0.00000811
0.00000834
0.00000882
0.00000834
0.00000858
0.00000787
0.00000787
0.00000882
0.00000882
0.00000834
0.00000906
0.00000882
0.00001097
0.00000906
0.00001073
0.00000882
0.00000834
0.00000906
0.00000882
0.00000811
0.00000930
0.00000858
0.00001884
0.00000954
0.00000858
0.00000834
0.00000834
0.00000882
0.00000834
0.00000930
0.00001597
0.00001073
0.00001335
0.00001168
0.00001049
0.00000906
0.00001001
0.00001073
0.00000882
0.00000858
0.00000930
0.00000882
0.00000834
0.00000882
0.00000858
0.00001431
0.00001836
0.00001216
0.00001049
0.00001144
0.00001001
0.00000882
0.00001025
0.00000906
0.00000930
0.00000858
0.00000906
0.00001001
0.00001001
0.00000930
0.00000858
0.00000834
0.00001001
0.00000882
0.00000858
0.00000834
0.00000978
0.00000882
0.00000811
0.00000882
0.00000811
0.00000834
0.00000930
0.00000811
0.00000811
0.00000834
0.00000882
0.00000811
0.00000787
0.00001001
0.00000858
0.00000787
0.00000858
0.00000834
0.00000834
0.00000882
0.00000811
0.00000858
0.00000882
0.00000882
0.00000858
0.00000811
0.00000858
0.00001144
0.00000834
0.00001025
0.00000834
0.00000906
0.00000882
0.00000882
0.00000834
0.00000930
0.00000834
0.00000811
0.00000882
0.00000811
0.00000787
0.00000858
0.00000834
0.00000834
0.00002050
0.00000978
0.00000834
0.00001311
0.00001049
0.00001025
0.00001693
0.00001431
0.00001073
0.00001001
0.00001073
0.00000930
0.00000906
0.00000978
0.00000906
0.00000882
0.00001216
0.00000882
0.00000834
0.00000930
0.00001955
0.00000882
0.00000906
0.00000834
0.00000858
0.00000811
0.00000906
0.00000906
0.00000811
0.00000858
0.00000930
0.00001144
0.00001049
0.00001001
0.00000882
0.00000954
0.00001931
0.00002909
0.00001311
0.00001025
0.00001001
0.00001025
0.00001025
0.00000906
0.00000906
0.00000978
0.00000858
0.00000906
0.00001025
0.00000858
0.00000858
0.00000954
0.00000906
0.00000858
0.00000882
0.00000858
0.00000811
0.00000858
0.00000811
0.00000787
0.00000858
0.00000787
0.00001097
0.00000930
0.00000954
0.00000834
0.00001812
0.00000906
0.00000882
0.00000811
0.00001168
0.00000858
0.00000834
0.00000882
0.00000834
0.00000834
0.00000882
0.00000834
0.00000811
0.00000834
0.00000954
0.00000834
0.00001478
0.00002456
0.00001669
0.00001264
0.00001192
0.00001001
0.00001025
0.00001121
0.00000954
0.00001001
0.00001740
0.00001383
0.00001097
0.00001216
0.00000930
0.00000858
0.00000930
0.00000858
0.00000834
0.00001025
0.00000882
0.00000834
0.00000858
0.00000811
0.00000930
0.00000882
0.00000882
0.00000811
0.00000834
0.00000882
0.00001049
0.00000834
0.00000954
0.00000834
0.00000858
0.00000858
0.00000882
0.00000882
0.00000906
0.00000858
0.00000811
0.00000834
0.00000858
0.00000787
0.00000858
0.00000930
0.00000978
0.00000834
0.00000858
0.00000858
0.00000811
0.00000858
0.00000834
0.00000787
0.00000811
0.00000834
0.00000811
0.00000787
0.00000858
0.00000811
0.00001073
0.00000954
0.00001097
0.00000834
0.00000858
0.00000954
0.00000858
0.00000930
0.00000882
0.00000811
0.00000811
0.00000930
0.00000811
0.00000811
0.00000834
0.00000811
0.00000787
0.00000834
0.00000954
0.00000811
0.00001359
0.00000954
0.00000954
0.00000834
0.00001264
0.00000906
0.00000882
0.00000906
0.00000930
0.00000811
0.00000882
0.00000811
0.00000811
0.00000811
0.00001431
0.00001669
0.00001740
0.00001144
0.00000978
0.00000930
0.00000954
0.00000954
0.00000882
0.00001049
0.00000906
0.00000787
0.00000954
0.00000882
0.00000787
0.00001717
0.00000954
0.00000930
0.00000834
0.00000858
0.00000858
0.00000811
0.00000882
0.00000811
0.00000811
0.00000834
0.00000787
0.00000787
0.00001001
0.00000858
0.00000811
0.00000787
0.00000858
0.00000954
0.00000834
0.00000858
0.00000834
0.00000811
0.00000834
0.00000811
0.00000811
0.00000858
0.00000906
0.00000834
0.00000787
0.00000834
0.00000882
0.00001097
0.00000954
0.00000978
0.00000858
0.00000882
0.00000858
0.00000834
0.00000906
0.00000930
0.00000834
0.00000882
0.00000834
0.00000882
0.00002670
0.00000906
0.00000811
0.00000834
0.00000882
0.00000978
0.00000834
0.00001431
0.00000978
0.00000906
0.00001001
0.00001740
0.00001407
0.00001121
0.00000978
0.00000882
0.00000978
0.00000906
0.00000906
0.00000930
0.00000882
0.00001073
0.00000858
0.00000906
0.00000882
0.00000954
0.00000882
0.00000930
0.00000834
0.00000930
0.00000834
0.00000858
0.00000978
0.00000882
0.00000930
0.00000858
0.00000858
0.00000882
0.00000954
0.00000858
0.00000811
0.00000811
0.00000858
0.00000834
