0.00094151
0.00003338
0.00002718
0.00001335
0.00001287
0.00001240
0.00001240
0.00001240
0.00001240
0.00001168
0.00001216
0.00001216
0.00001216
0.00001168
0.00001168
0.00001192
0.00001216
0.00001192
0.00001192
0.00001216
0.00001168
0.00001264
0.00001192
0.00001216
0.00001216
0.00001192
0.00001550
0.00001192
0.00001168
0.00001168
0.00001121
0.00001144
0.00001168
0.00001121
0.00001144
0.00001097
0.00001121
0.00001144
0.00001144
0.00001144
0.00001144
0.00001121
0.00001216
0.00001168
0.00001121
0.00001144
0.00001121
0.00001144
0.00001144
0.00001168
0.00001168
0.00001168
0.00001192
0.00001359
0.00001264
0.00001216
0.00001240
0.00001264
0.00001216
0.00001287
0.00001240
0.00001216
0.00001192
0.00001192
0.00001216
0.00001192
0.00001216
0.00001192
0.00001240
0.00001240
0.00001216
0.00001192
0.00001192
0.00001192
0.00001264
0.00001144
0.00001311
0.00001240
0.00001192
0.00001264
0.00001216
0.00001192
0.00001240
0.00001240
0.00001264
0.00001192
0.00001144
0.00001144
0.00001168
0.00001168
0.00001168
0.00001144
0.00001144
0.00001121
0.00001144
0.00001144
0.00001144
0.00001121
0.00001121
0.00001168
0.00001144
0.00001121
0.00001121
0.00001121
0.00001168
0.00001121
0.00001168
0.00001121
0.00001097
0.00001121
0.00001121
0.00001121
0.00001144
