0.00091529
0.00002098
0.00001764
0.00001669
0.00001550
0.00001526
0.00001478
0.00001454
0.00001383
0.00001311
0.00001407
0.00001264
0.00001240
0.00001287
0.00001264
0.00001240
0.00001264
0.00001216
0.00001240
0.00001216
0.00001216
0.00001240
0.00001192
0.00001216
0.00001287
0.00001168
0.00001264
0.00001216
0.00001192
0.00001168
0.00001192
0.00001216
0.00001192
0.00001216
0.00001240
0.00001192
0.00001192
0.00001407
0.00001359
0.00001216
0.00001240
0.00001216
0.00001240
0.00001287
0.00001240
0.00001311
0.00001192
0.00001359
0.00001216
0.00001168
0.00001240
0.00001216
0.00001383
0.00001240
0.00001383
0.00001216
0.00001192
0.00001192
0.00001311
0.00001192
0.00001216
0.00001192
0.00001192
0.00001168
0.00001192
0.00001192
0.00001335
0.00001216
0.00001240
0.00001240
0.00001240
0.00001192
0.00001216
0.00001216
0.00001168
0.00001216
0.00001240
0.00001216
0.00001287
0.00001216
0.00001025
0.00000954
0.00000954
0.00000930
0.00000930
0.00000954
0.00000930
0.00000906
0.00000906
0.00004244
0.00000978
0.00001049
0.00000930
0.00000906
0.00000858
0.00000882
0.00001049
0.00000882
0.00000978
0.00000882
0.00000882
0.00000906
0.00000882
0.00000906
0.00001097
0.00000906
0.00000906
0.00000906
0.00000906
0.00001121
0.00000930
0.00001073
0.00000978
0.00000882
0.00000906
0.00000954
0.00000882
0.00000930
0.00000882
0.00001168
0.00000906
0.00001097
0.00001192
0.00000906
0.00000906
0.00000882
0.00000906
0.00000882
0.00001168
0.00000930
0.00000882
0.00000858
0.00000858
0.00001192
0.00000906
0.00000858
0.00001001
0.00000906
0.00001049
0.00000858
0.00001144
0.00001121
0.00000906
0.00000906
0.00000858
0.00000906
0.00000930
0.00000834
0.00000882
0.00000930
0.00000882
0.00000906
0.00000858
0.00000882
0.00001216
0.00000858
0.00000978
0.00000906
0.00000882
0.00000882
0.00000858
0.00001073
0.00000858
0.00000882
0.00000882
0.00000954
0.00001073
0.00000858
0.00000882
0.00001264
0.00000882
0.00000882
0.00000906
0.00000882
0.00001812
0.00000858
0.00001168
0.00000906
0.00000882
0.00000834
0.00000834
0.00000858
0.00000882
0.00000858
0.00001121
0.00000858
0.00000858
0.00000858
0.00000930
0.00000858
0.00000906
0.00000930
0.00001073
0.00000906
0.00000858
0.00000858
0.00000954
0.00000882
0.00000882
0.00000882
0.00001168
0.00000882
0.00000858
0.00000858
0.00000858
0.00000882
0.00000834
0.00001144
0.00000882
0.00000882
0.00001073
0.00000882
0.00000882
0.00000834
0.00000858
0.00001121
0.00000954
0.00001001
0.00000882
0.00000882
0.00000978
0.00000882
0.00001335
0.00000882
0.00000882
0.00000858
0.00000954
0.00000858
0.00000858
0.00000906
0.00001121
0.00000858
0.00000954
0.00000930
0.00000882
0.00000930
0.00001264
0.00001144
0.00000882
0.00000930
0.00000882
0.00000906
0.00000930
0.00000978
0.00000882
0.00001192
0.00000858
0.00000882
0.00000858
0.00000858
0.00000906
0.00000858
0.00000858
0.00001073
0.00000858
0.00000930
0.00000978
0.00001168
0.00000906
0.00000858
0.00000882
0.00000906
0.00000882
0.00000882
0.00000858
0.00000930
0.00000882
0.00001001
0.00000882
0.00000858
0.00001121
0.00000906
0.00001097
0.00000882
0.00001025
0.00001049
0.00000930
0.00001049
0.00000906
0.00001121
0.00000930
0.00001216
0.00000882
0.00001359
0.00001025
0.00000882
0.00000906
0.00000858
0.00000882
0.00000930
0.00001311
0.00000858
0.00000954
0.00000882
0.00001121
0.00000978
0.00000906
0.00000906
0.00001144
0.00001073
0.00001287
0.00000882
0.00000882
0.00000858
0.00000858
0.00000954
0.00001121
0.00000858
0.00000954
0.00000858
0.00000858
0.00001097
0.00000954
0.00000882
0.00001335
0.00000978
0.00000906
0.00001049
0.00000978
0.00000834
0.00001097
0.00001097
0.00000978
0.00000882
0.00000930
0.00000882
0.00000882
0.00000882
0.00001192
0.00000858
0.00000978
0.00001073
0.00000954
0.00001216
0.00000978
0.00001049
0.00001144
0.00000858
0.00000882
0.00000858
0.00000882
0.00000882
0.00001121
0.00001025
0.00001097
0.00001001
0.00001073
0.00000882
0.00000978
0.00000858
0.00000906
0.00000954
0.00001121
0.00001025
0.00001144
0.00000954
0.00001001
0.00001192
0.00001025
0.00000978
0.00000978
0.00001025
0.00001025
0.00001383
0.00001001
0.00000978
0.00001407
0.00000978
0.00001144
0.00001121
0.00001049
0.00001025
0.00001049
0.00001049
0.00001264
0.00000978
0.00000954
0.00000954
0.00001073
0.00000954
0.00000954
0.00001454
0.00001049
0.00000930
0.00001144
0.00001001
0.00001073
0.00000930
0.00000954
0.00001192
0.00001025
0.00001073
0.00000978
0.00000978
0.00000954
0.00000858
0.00000906
0.00001144
0.00000882
0.00000882
0.00000906
0.00000906
0.00000906
0.00000858
0.00000858
0.00001287
0.00001097
0.00001049
0.00001001
0.00000882
0.00001025
0.00000906
0.00001216
0.00000906
0.00001216
0.00000906
0.00000882
0.00000954
0.00000954
0.00001144
0.00000882
0.00000930
0.00001121
0.00000882
0.00000882
0.00000882
0.00001121
0.00001168
0.00000882
0.00000858
0.00001049
0.00000882
0.00000954
0.00000882
0.00001192
0.00001121
0.00000906
0.00000882
0.00000882
0.00001001
0.00001001
0.00001073
0.00001144
0.00001025
0.00000930
0.00000858
0.00000858
0.00001192
0.00000882
0.00000858
0.00001073
0.00000882
0.00000978
0.00000954
0.00001049
0.00000954
0.00001025
0.00001025
0.00001216
0.00001049
0.00000906
0.00000858
0.00001001
0.00000858
0.00000858
0.00001025
0.00000906
0.00000906
0.00002694
0.00001144
0.00001192
0.00000978
0.00001168
0.00000954
0.00001144
0.00000882
0.00000930
0.00001192
0.00000882
0.00000882
0.00001121
0.00000882
0.00000858
0.00000882
0.00000858
0.00000858
0.00000834
0.00000882
0.00001383
0.00001240
0.00000954
0.00001025
0.00000930
0.00000858
0.00001073
0.00001073
0.00001121
0.00001025
0.00001001
0.00000882
0.00000978
0.00001025
0.00000906
0.00001359
0.00000978
0.00000858
0.00001073
0.00000978
0.00000858
0.00001025
0.00001264
0.00001287
0.00000930
0.00000858
0.00001073
0.00001144
0.00001073
0.00001049
0.00001121
0.00001216
0.00001025
0.00000954
0.00001049
0.00001001
0.00001049
0.00000906
0.00001025
0.00001001
0.00000978
0.00001001
0.00001121
0.00001121
0.00001001
0.00001049
0.00000858
0.00001216
0.00000882
0.00000858
0.00000882
0.00001073
0.00000882
0.00001168
0.00000906
0.00000858
0.00001025
0.00000858
0.00000882
0.00001121
0.00001025
0.00001550
0.00002027
0.00000978
0.00001359
0.00001049
0.00001144
0.00000906
0.00000978
0.00001311
0.00000882
0.00001049
0.00001049
0.00000882
0.00001073
0.00001049
0.00001144
0.00001073
0.00001025
0.00001121
0.00001025
0.00000882
0.00001073
0.00000882
0.00001359
0.00001287
0.00001025
0.00001025
0.00000882
0.00001097
0.00001097
0.00000882
0.00002098
0.00001311
0.00000882
0.00001049
0.00001073
0.00000954
0.00001001
0.00000882
0.00001025
0.00001240
0.00000906
0.00001049
0.00000978
0.00000882
0.00000858
0.00000882
0.00000882
0.00001168
0.00000906
0.00000834
0.00000906
0.00001097
0.00000882
0.00001025
0.00001192
0.00000882
0.00000978
0.00001335
0.00001049
0.00000906
0.00000978
0.00000954
0.00000858
0.00001025
0.00000978
0.00001001
0.00001240
0.00000882
0.00001001
0.00001240
0.00001025
0.00001073
0.00001764
0.00000954
0.00001311
0.00001335
0.00000906
0.00001788
0.00001359
0.00001359
0.00001335
0.00000978
0.00001121
0.00000978
0.00001240
0.00001121
0.00001287
0.00001073
0.00001287
0.00001001
0.00001073
0.00001407
0.00001168
0.00000930
0.00001550
0.00000978
0.00001025
0.00000858
0.00001311
0.00001049
0.00000906
0.00001144
0.00001025
0.00001383
0.00000906
0.00001431
0.00000978
0.00001216
0.00000906
0.00001192
0.00001073
0.00001240
0.00000882
0.00001359
0.00000930
0.00001335
0.00001001
0.00000978
0.00000906
0.00001287
0.00001383
0.00001097
0.00000954
0.00001359
0.00000882
0.00001311
0.00001192
0.00001383
0.00001001
0.00001144
0.00000930
0.00000906
0.00001025
0.00000906
0.00001001
0.00001097
0.00000906
0.00000906
0.00001001
0.00001073
0.00001192
0.00000858
0.00001049
0.00001264
0.00001431
0.00001144
0.00001192
0.00000858
0.00001001
0.00001025
0.00001144
0.00000954
0.00001121
0.00000882
0.00001216
0.00000906
0.00001144
