0.00065327
0.00001597
0.00001383
0.00001574
0.00001216
0.00002217
0.00001335
0.00001073
0.00001049
0.00001073
0.00001836
0.00001049
0.00001121
0.00001168
0.00001693
0.00001264
0.00001097
0.00001073
0.00001001
0.00000954
0.00001025
0.00001049
0.00001001
0.00000978
0.00000954
0.00000978
0.00001001
0.00001001
0.00000978
0.00001001
0.00000954
0.00001049
0.00000930
0.00000978
0.00000954
0.00001025
0.00000954
0.00000978
0.00000954
0.00001001
0.00000906
0.00000930
0.00001001
0.00000978
0.00001049
0.00001025
0.00001025
0.00000978
0.00000930
0.00000954
0.00000930
0.00000954
0.00000930
0.00001764
0.00001407
0.00001073
0.00001001
0.00001025
0.00000954
0.00001454
0.00001001
0.00001049
0.00001001
0.00000954
0.00000978
0.00001049
0.00001025
0.00001264
0.00001478
0.00000978
0.00000930
0.00000954
0.00001931
0.00001502
0.00001192
0.00001025
0.00000954
0.00000978
0.00000954
0.00000978
0.00000954
0.00000954
0.00001001
0.00000954
0.00001073
0.00000978
0.00001264
0.00000954
0.00000978
0.00001025
0.00001001
0.00000978
0.00000978
0.00000954
0.00000930
0.00001049
0.00000930
0.00000978
0.00001073
0.00000954
0.00000906
0.00000930
0.00000954
0.00000930
0.00000978
0.00001001
0.00000930
0.00000978
0.00001025
0.00001001
0.00001502
0.00001025
0.00000954
0.00001025
0.00000930
0.00001025
0.00001001
0.00000978
0.00001287
0.00000954
0.00000978
0.00001001
0.00001001
0.00000954
0.00001073
0.00001335
0.00000978
0.00000978
0.00000978
0.00000930
0.00000978
0.00000978
0.00001192
0.00002789
0.00001431
0.00001121
0.00001073
0.00001025
0.00000978
0.00000954
0.00000954
0.00000954
0.00000954
0.00001025
0.00001049
0.00000978
0.00000954
0.00000978
0.00000954
0.00001001
0.00001621
0.00001788
0.00001287
0.00001001
0.00000978
0.00000930
0.00001097
0.00001049
0.00000978
0.00001073
0.00000954
0.00001001
0.00001049
0.00000978
0.00000954
0.00000930
0.00001025
0.00001454
0.00001025
0.00001001
0.00001025
0.00001025
0.00000954
0.00001001
0.00001001
0.00000954
0.00000906
0.00000978
0.00001001
0.00001001
0.00000954
0.00001812
0.00001812
0.00002432
0.00001311
0.00001073
0.00001049
0.00001025
0.00000954
0.00001049
0.00001001
0.00000954
0.00001049
0.00001001
0.00000978
0.00000930
0.00001001
0.00001025
0.00001025
0.00000978
0.00001001
0.00001001
0.00000978
0.00001001
0.00000954
0.00000954
0.00000954
0.00000954
0.00001001
0.00000954
0.00000954
0.00000930
0.00001049
0.00001025
0.00000930
0.00000954
0.00000930
0.00001025
0.00000906
0.00001001
0.00001001
0.00001025
0.00000978
0.00000954
0.00001502
0.00001001
0.00001287
0.00001049
0.00003052
0.00000978
0.00001001
0.00001025
0.00000930
0.00000978
0.00001001
0.00001121
0.00000954
0.00000930
0.00001621
0.00001073
0.00001001
0.00000954
0.00000978
0.00002003
0.00001764
0.00001121
0.00001216
0.00001049
0.00000954
0.00000978
0.00000930
0.00001001
0.00000930
0.00000954
0.00000954
0.00001001
0.00001025
0.00000954
0.00001121
0.00000954
0.00001168
0.00001097
0.00001025
0.00001049
0.00001001
0.00001621
0.00001025
0.00000954
0.00001454
0.00001097
0.00001025
0.00001073
0.00001001
0.00000930
0.00000930
0.00000906
0.00001001
0.00001025
0.00000930
0.00001097
0.00001264
0.00001049
0.00001025
0.00000954
0.00000954
0.00002456
0.00001383
0.00001144
0.00001121
0.00000930
0.00001025
0.00001001
0.00001144
0.00001431
0.00001192
0.00001097
0.00001001
0.00001049
0.00000978
0.00000930
0.00003099
0.00001693
0.00001216
0.00001001
0.00000954
0.00000930
0.00000954
0.00001073
0.00000954
0.00000978
0.00000978
0.00001144
0.00000954
0.00000978
0.00000954
0.00000978
0.00000906
0.00000954
0.00000930
0.00001073
0.00000954
0.00001001
0.00000978
0.00000978
0.00001073
0.00000954
