0.00095773
0.00002027
0.00001550
0.00001359
0.00001311
0.00001216
0.00001287
0.00001240
0.00001216
0.00001240
0.00001216
0.00002146
0.00001264
0.00001240
0.00001264
0.00001240
0.00001240
0.00001287
0.00001359
0.00001216
0.00001216
0.00001240
0.00001264
0.00001240
0.00001240
0.00001216
0.00001192
0.00001216
0.00001240
0.00001216
0.00001240
0.00001264
0.00001240
0.00001192
0.00001216
0.00001264
0.00001311
0.00001240
0.00001240
0.00001216
0.00001264
0.00001216
0.00001264
0.00001264
0.00001240
0.00001264
0.00001287
0.00001240
0.00001287
0.00001216
0.00001240
0.00001264
0.00001240
0.00001264
0.00001311
0.00001192
0.00001240
0.00001216
0.00001240
0.00001168
0.00001192
0.00001264
0.00001287
0.00001240
0.00001216
0.00001216
0.00001192
0.00001192
0.00001240
0.00001264
0.00001216
0.00001264
0.00002861
0.00001287
0.00001168
0.00001144
0.00001144
0.00001144
0.00001192
0.00001168
0.00001144
0.00001121
0.00001121
0.00001121
0.00001121
0.00001144
0.00001121
0.00001144
0.00001192
0.00001168
0.00001121
0.00001144
0.00001621
0.00001240
0.00001168
0.00001144
0.00001144
0.00001144
0.00001168
0.00001144
0.00001168
0.00001121
0.00001144
0.00001097
0.00001097
0.00001097
0.00001073
0.00001073
0.00001121
0.00001073
0.00001097
0.00002694
0.00001168
0.00001144
0.00001097
0.00001121
0.00001121
0.00001097
0.00001144
0.00001121
0.00001144
0.00001121
0.00001121
0.00001168
0.00001144
0.00001121
0.00001144
0.00001097
0.00001121
0.00001121
0.00001144
0.00001121
0.00001168
0.00001121
0.00001144
0.00001097
0.00001144
0.00001121
0.00001097
0.00001144
0.00001121
0.00001097
0.00001144
0.00001144
0.00001121
0.00001097
0.00001097
0.00001097
0.00001121
0.00001121
0.00001144
0.00001144
0.00001097
0.00001216
0.00001144
0.00001144
0.00001097
0.00001097
0.00001168
0.00001144
0.00001121
0.00001144
0.00001121
0.00001144
0.00001121
0.00001121
0.00001168
0.00001144
0.00001121
0.00001144
0.00001121
0.00001073
0.00001121
0.00001097
0.00001192
0.00001192
0.00001073
0.00001001
0.00001049
0.00001001
0.00001001
0.00001001
0.00001001
0.00001025
0.00001001
0.00000978
0.00001001
0.00001001
0.00001001
0.00001025
0.00000978
0.00001001
0.00001001
0.00000978
0.00001001
0.00001001
0.00001049
0.00001001
0.00001001
0.00001025
0.00001025
0.00001025
0.00001025
0.00001001
0.00001025
0.00001025
0.00001025
0.00001001
0.00001049
0.00001001
0.00001025
0.00001001
0.00001001
0.00001001
0.00001025
0.00001001
0.00001049
0.00001001
0.00001097
0.00001001
0.00001025
0.00000978
0.00001025
0.00001001
0.00001001
0.00001025
0.00001001
0.00000978
0.00001001
0.00000978
0.00001001
0.00001001
0.00001025
0.00001025
0.00001001
0.00001049
0.00001001
0.00001001
0.00001001
0.00001001
0.00001121
0.00001049
0.00001168
0.00001049
0.00001025
0.00001025
0.00001025
0.00001001
0.00001025
0.00001001
0.00001001
0.00001001
0.00001001
0.00000978
0.00001001
0.00001025
0.00001025
0.00001049
0.00001001
0.00001025
0.00001049
0.00001097
0.00001001
0.00001025
0.00001049
0.00001049
0.00001025
0.00001001
0.00001049
0.00001049
0.00001073
0.00001001
0.00001001
0.00001025
0.00001025
0.00001001
0.00001025
0.00001001
0.00001001
0.00001025
0.00001049
0.00001049
0.00001001
0.00001001
0.00001073
0.00001073
0.00001025
0.00001073
0.00001073
0.00001025
0.00001001
0.00001049
0.00001025
0.00001025
0.00001025
0.00001001
0.00000978
0.00001001
0.00001001
0.00001025
0.00001001
0.00001001
0.00001001
0.00001025
0.00000978
0.00000978
0.00001001
0.00001001
0.00001025
0.00001025
0.00001025
0.00001097
0.00000954
0.00000978
0.00000954
0.00000954
0.00000978
0.00000978
0.00000954
0.00000954
0.00001001
0.00000978
0.00001001
0.00000930
0.00000978
0.00001001
0.00000978
0.00001001
0.00000978
0.00000978
0.00001001
0.00000978
0.00001001
0.00000978
0.00000978
0.00001073
0.00001001
0.00001001
0.00001001
0.00001001
0.00001001
0.00000978
0.00001025
0.00001025
0.00001001
0.00001001
0.00000978
0.00000978
0.00001001
0.00000978
0.00001001
0.00001001
0.00001001
0.00000978
0.00000954
0.00001001
0.00001001
0.00000978
0.00000978
0.00001001
0.00001049
0.00000978
0.00001001
0.00000978
0.00000978
0.00001001
0.00001001
0.00000954
0.00001001
0.00001025
0.00001001
0.00000978
0.00001001
0.00001001
0.00001025
0.00000954
0.00001025
0.00001025
0.00001001
0.00001001
0.00001049
0.00001073
0.00000978
0.00000978
0.00001001
0.00001025
0.00001001
0.00000954
0.00001001
0.00001001
0.00000954
0.00000954
0.00000978
0.00001001
0.00000978
0.00000954
0.00000954
0.00000954
0.00000978
0.00000954
0.00000978
0.00000978
0.00000930
0.00000930
0.00000930
0.00000978
0.00000954
0.00000954
0.00000954
0.00000930
0.00001025
0.00000906
0.00000978
0.00000978
0.00000954
0.00000954
0.00000954
0.00001001
0.00001001
0.00001001
0.00000978
0.00000978
0.00000978
0.00000978
0.00000954
0.00000954
0.00000954
0.00000954
0.00000954
0.00000930
0.00000954
0.00000930
0.00000930
0.00000978
0.00000954
0.00000930
0.00000978
0.00000930
0.00000978
0.00000954
0.00000978
0.00000954
0.00000954
0.00000978
0.00000954
0.00000954
0.00000978
0.00000930
0.00000930
0.00000978
0.00000978
0.00000954
0.00000978
0.00000978
0.00001001
0.00000954
0.00000954
0.00000978
0.00000978
0.00000954
0.00000954
0.00000954
0.00001001
0.00000882
0.00000930
0.00000930
0.00000930
0.00000954
0.00000954
0.00000930
0.00000930
0.00000954
0.00000930
0.00000954
0.00000930
0.00000930
0.00000906
0.00000954
0.00000882
0.00000882
0.00000930
0.00000930
0.00000906
0.00000930
0.00000954
0.00000906
0.00000930
0.00000930
0.00001860
0.00000954
0.00000906
0.00000930
0.00000954
0.00000906
0.00000906
0.00000930
0.00000906
0.00000930
0.00000906
0.00000930
