0.00064325
0.00001287
0.00001144
0.00001645
0.00001979
0.00001478
0.00001311
0.00001240
0.00001264
0.00001907
0.00001693
0.00001216
0.00003028
0.00001574
0.00001168
0.00001049
0.00001049
0.00001526
0.00001121
0.00001025
0.00001144
0.00001216
0.00000978
0.00001049
0.00001025
0.00001073
0.00001097
0.00001025
0.00000978
0.00001025
0.00001025
0.00000930
0.00001097
0.00001097
0.00001240
0.00001073
0.00001001
0.00001049
0.00001311
0.00000954
0.00001240
0.00001836
0.00001121
0.00001025
0.00001049
0.00001025
0.00000978
0.00001502
0.00001168
0.00001073
0.00001073
0.00000954
0.00002074
0.00001574
0.00001144
0.00000978
0.00001144
0.00001097
0.00001454
0.00001121
0.00001860
0.00001454
0.00001168
0.00001216
0.00001049
0.00001049
0.00000978
0.00001097
0.00001073
0.00000954
0.00001121
0.00001001
0.00001001
0.00001073
0.00001025
0.00001311
0.00001025
0.00001168
0.00001121
0.00001097
0.00001049
0.00001001
0.00001025
0.00001049
0.00001669
0.00001478
0.00002217
0.00001192
0.00001001
0.00001073
0.00001073
0.00001025
0.00001144
0.00001001
0.00001049
0.00001168
0.00001097
0.00001001
0.00001025
0.00001097
0.00001001
0.00001121
0.00001121
0.00001001
0.00001001
0.00000978
0.00000954
0.00001144
0.00001025
0.00001216
0.00001121
0.00001311
0.00001144
0.00001240
0.00001144
0.00001073
0.00001001
0.00001001
0.00001073
0.00000978
0.00001287
0.00001311
0.00001049
0.00001001
0.00001454
0.00001907
0.00001240
0.00001025
0.00001001
0.00001049
0.00001097
0.00001025
0.00001049
0.00001097
0.00001049
0.00000978
0.00001121
0.00000930
0.00001049
0.00001025
0.00000954
0.00000978
0.00001144
0.00001144
0.00001192
0.00001049
0.00000978
0.00000954
0.00001001
0.00000954
0.00001454
0.00001097
0.00001001
0.00001192
0.00001025
0.00001073
0.00001001
0.00001001
0.00001025
0.00002623
0.00001335
0.00001121
0.00001025
0.00001025
0.00001049
0.00001836
0.00001454
0.00001240
0.00004721
0.00001097
0.00001025
0.00001049
0.00001025
0.00001073
0.00001025
0.00001121
0.00001001
0.00001049
0.00001025
0.00000954
0.00001001
0.00001049
0.00000978
0.00001144
0.00001073
0.00001025
0.00001001
0.00001049
0.00001884
0.00001526
0.00001049
0.00001144
0.00001335
0.00001097
0.00001001
0.00001025
0.00000978
0.00001025
0.00001574
0.00002337
0.00001764
0.00001240
0.00001097
0.00001001
0.00001001
0.00001144
0.00001073
0.00001192
0.00001121
0.00000978
0.00001025
0.00001001
0.00001001
0.00001001
0.00001097
0.00000954
0.00001025
0.00000954
0.00001073
0.00001025
0.00000978
0.00001073
0.00001001
0.00001049
0.00001025
0.00001049
0.00001049
0.00001001
0.00001431
0.00001168
0.00001049
0.00001144
0.00001025
0.00001049
0.00001049
0.00001049
0.00002003
0.00002050
0.00001192
0.00002694
0.00001526
0.00001240
0.00001049
0.00001121
0.00001049
0.00001049
0.00001097
0.00001121
0.00001025
0.00001121
0.00001025
0.00001121
0.00001121
0.00001049
0.00000978
0.00001025
0.00001049
0.00001049
0.00002098
0.00001121
0.00001073
0.00001025
0.00003695
0.00001025
0.00001025
0.00001001
0.00001359
0.00001192
0.00001097
0.00001168
0.00001049
0.00000978
0.00001025
0.00001025
0.00001097
0.00001764
0.00001144
0.00000978
0.00001097
0.00002670
0.00001669
0.00001240
0.00001025
0.00001192
0.00000978
0.00001240
0.00001264
0.00002003
0.00001621
0.00001311
0.00001025
0.00001049
0.00001001
0.00001001
0.00000978
0.00001025
0.00001144
0.00001073
0.00001168
0.00001001
0.00000978
0.00001001
0.00000906
0.00001049
0.00001407
0.00001025
0.00001025
0.00002027
0.00001001
0.00001144
0.00001025
0.00001025
0.00001073
