0.00064898
0.00001168
0.00000930
0.00000715
0.00000739
0.00000668
0.00000691
0.00000691
0.00000668
0.00000715
0.00000691
0.00000715
0.00000691
0.00000668
0.00000668
0.00000691
0.00000668
0.00000668
0.00000691
0.00000691
0.00000691
0.00000691
0.00000954
0.00000691
0.00000739
0.00000668
0.00000715
0.00000715
0.00000715
0.00000691
0.00002432
0.00000739
0.00000739
0.00000715
0.00000668
0.00000691
0.00000668
0.00000691
0.00000691
0.00000691
0.00000715
0.00000691
0.00000668
0.00000691
0.00000715
0.00000668
0.00000668
0.00000691
0.00000668
0.00000668
0.00000691
0.00000691
0.00000668
0.00000691
0.00000691
0.00000644
0.00000668
0.00000644
0.00000691
0.00000668
0.00000668
0.00000691
0.00000691
0.00000715
0.00000691
0.00000668
0.00000691
0.00000691
0.00000668
0.00000668
0.00000715
0.00000739
0.00000668
0.00000715
0.00000668
0.00000691
0.00000691
0.00000715
0.00000668
0.00000668
0.00000668
0.00000668
0.00000691
0.00000691
0.00000691
0.00000668
0.00000691
0.00000668
0.00000691
0.00000691
0.00000668
0.00000691
0.00000691
0.00000668
0.00000691
0.00000715
0.00000668
0.00000691
0.00000691
0.00000715
0.00000691
0.00000644
0.00000668
0.00000691
0.00000691
0.00000668
0.00000668
0.00000691
0.00000691
0.00000715
0.00000691
0.00000691
0.00000691
0.00000715
0.00000691
0.00002122
0.00000668
0.00000644
0.00000644
0.00000668
0.00000668
0.00000644
0.00000644
0.00000668
0.00000668
0.00000644
0.00000644
0.00000644
0.00000644
0.00000644
0.00000620
0.00000644
0.00000644
0.00000668
