0.00108981
0.00001979
0.00001454
0.00001311
0.00001264
0.00001264
0.00001764
0.00001240
0.00001216
0.00001144
0.00001192
0.00001144
0.00001168
0.00001168
0.00001121
0.00001240
0.00001192
0.00001168
0.00001121
0.00001287
0.00001168
0.00001192
0.00001168
0.00001144
0.00001144
0.00001144
0.00001144
0.00001192
0.00001144
0.00001144
0.00001192
0.00001192
0.00001168
0.00001121
0.00001168
0.00001192
0.00001240
0.00001168
0.00001144
0.00001168
0.00001144
0.00001144
0.00001144
0.00001121
0.00001216
0.00001168
0.00001240
0.00001216
0.00001144
0.00001168
0.00001192
0.00001168
0.00001168
0.00001168
0.00001121
0.00001717
0.00001240
0.00001168
0.00001097
0.00001097
0.00001144
0.00001121
0.00001097
0.00001264
0.00001240
0.00001192
0.00001264
0.00001216
0.00002360
0.00001144
0.00001168
0.00001097
0.00001121
0.00001121
0.00001097
0.00001144
0.00001097
0.00001097
0.00001097
0.00001121
0.00001097
0.00001097
0.00001073
0.00001097
0.00001073
0.00001097
0.00001168
0.00001168
0.00001144
0.00001121
0.00001121
0.00001073
0.00001073
0.00001049
0.00001144
0.00001121
0.00001192
0.00001049
0.00001049
0.00001049
0.00001001
0.00001073
0.00001073
0.00001025
0.00001073
0.00001049
0.00001049
0.00001049
0.00001049
0.00001001
0.00001049
0.00001049
0.00001025
0.00001025
0.00001049
0.00001025
0.00001049
0.00001049
0.00001001
0.00001049
0.00001144
0.00001049
0.00001025
0.00001049
0.00001049
0.00001025
0.00001025
0.00001025
0.00001049
0.00001097
0.00001025
0.00001025
0.00001049
0.00001025
0.00001025
0.00001049
0.00001049
0.00001001
0.00001025
0.00001001
0.00001001
0.00001001
0.00001001
0.00001025
0.00001025
0.00001049
0.00001097
0.00000978
0.00000930
0.00000930
0.00000978
0.00000978
0.00000954
0.00001001
0.00001001
0.00000954
0.00001001
0.00001192
0.00001144
0.00001097
0.00001121
0.00001097
0.00001073
0.00001097
0.00001049
0.00001097
0.00001049
0.00001049
0.00001073
0.00001049
0.00001001
0.00001073
0.00001025
0.00001049
0.00001121
0.00001073
0.00001073
0.00001049
0.00001049
0.00001073
0.00001073
0.00001025
0.00000954
0.00001073
0.00001049
0.00001049
0.00001073
0.00001049
0.00001025
0.00001025
0.00001025
0.00001025
0.00001121
0.00001097
0.00001049
0.00001073
0.00001049
0.00001049
0.00001073
0.00001073
0.00001097
0.00001121
0.00001073
0.00001121
0.00001049
0.00001025
0.00000978
0.00001001
0.00001001
0.00000954
0.00000954
0.00000954
0.00000978
0.00000978
0.00000978
0.00000954
0.00001001
0.00000954
0.00000978
0.00000954
0.00000954
0.00000978
0.00000954
0.00001001
0.00001001
0.00000954
0.00000978
0.00000978
0.00000954
0.00001025
0.00000954
0.00000978
0.00001001
0.00001097
0.00001073
0.00001049
0.00001049
0.00001073
0.00001025
0.00001001
0.00001025
0.00001049
0.00001001
0.00001001
0.00000978
0.00000978
0.00001097
0.00001025
0.00001025
0.00000978
0.00001001
0.00001049
0.00001001
0.00000954
0.00000930
0.00000954
0.00000978
0.00000954
0.00000978
0.00001001
0.00000954
0.00000906
0.00000930
0.00000954
0.00000954
0.00001121
0.00001049
0.00001025
0.00001025
0.00001025
0.00001025
0.00001049
0.00001073
0.00001025
0.00001049
0.00001001
0.00001049
0.00001025
0.00001049
0.00000978
0.00001049
0.00001001
0.00001001
0.00000978
0.00001025
0.00001025
0.00001049
0.00001097
0.00001001
0.00000954
0.00001097
0.00001049
0.00001049
0.00001001
0.00000930
0.00001097
0.00001049
0.00000978
0.00000954
0.00001073
0.00001025
0.00001025
0.00001025
0.00001001
0.00001025
0.00001049
0.00001025
0.00001025
0.00001025
0.00001025
0.00001049
0.00001025
0.00001049
0.00001025
0.00001025
0.00001025
0.00001097
0.00001025
0.00000954
0.00000954
0.00001001
0.00000954
0.00000978
0.00000978
0.00000978
0.00001001
0.00001001
0.00000978
0.00001001
0.00000978
0.00000954
0.00000978
0.00000978
0.00000954
0.00000978
0.00001025
0.00000978
0.00000930
0.00000930
0.00000930
0.00000930
0.00000906
0.00000906
0.00000906
0.00000906
0.00000882
0.00001073
0.00001025
0.00001001
0.00000954
0.00000978
0.00000978
0.00001001
0.00000978
0.00000954
0.00000978
0.00000954
0.00000978
0.00001001
0.00000954
0.00000978
0.00000954
0.00000978
0.00000978
0.00000978
0.00000978
0.00001001
0.00000978
0.00001001
0.00000954
0.00000978
0.00000978
0.00000978
0.00000978
0.00001073
0.00000930
0.00000930
0.00000930
0.00000978
0.00000930
0.00000906
0.00000858
0.00000906
0.00000882
0.00000930
0.00000906
0.00000882
0.00000882
0.00000930
0.00000882
0.00000882
0.00000882
