0.00095415
0.00002170
0.00001574
0.00001454
0.00001383
0.00002217
0.00001335
0.00001335
0.00001359
0.00001311
0.00001311
0.00001383
0.00001335
0.00001264
0.00001287
0.00001311
0.00001311
0.00001311
0.00001287
0.00001264
0.00003099
0.00001311
0.00001311
0.00001287
0.00001264
0.00001335
0.00001264
0.00001311
0.00001311
0.00001311
0.00001335
0.00001287
0.00001264
0.00001335
0.00001335
0.00001311
0.00001311
0.00001264
0.00001287
0.00001287
0.00001311
0.00001287
0.00001287
0.00001264
0.00001311
0.00001359
0.00001359
0.00001359
0.00001359
0.00001335
0.00001311
0.00001287
0.00001335
0.00001311
0.00001311
0.00001454
0.00001359
0.00001311
0.00001311
0.00001287
0.00001287
0.00001287
0.00001287
0.00001311
0.00001431
0.00001311
0.00001311
0.00001311
0.00001311
0.00001311
0.00001287
0.00001264
0.00001240
0.00001240
0.00001264
0.00001287
0.00001359
0.00001383
0.00001311
0.00001287
0.00001383
0.00001335
0.00001335
0.00001311
0.00001335
0.00001359
0.00001359
0.00001335
0.00001335
0.00001335
0.00001383
0.00001335
0.00001287
0.00001311
0.00001287
0.00001478
0.00001335
0.00001359
0.00001454
0.00001335
0.00001335
0.00001240
0.00001264
0.00001264
0.00001240
0.00001216
0.00001240
0.00001216
0.00001240
0.00001240
0.00001216
0.00001216
0.00001216
0.00001240
0.00001240
0.00001192
0.00001216
0.00001264
0.00001264
0.00001240
0.00001240
0.00001264
0.00001311
0.00001264
0.00001287
0.00001168
0.00001216
0.00001264
0.00001311
0.00001264
0.00001287
0.00001264
0.00001287
0.00001335
0.00001311
0.00001240
0.00001240
0.00001287
0.00001264
0.00001264
0.00001287
0.00001240
0.00001264
0.00001264
0.00001287
0.00001311
0.00001216
0.00001240
0.00001264
0.00001264
0.00001264
0.00001240
0.00001240
0.00001240
0.00001216
0.00001216
0.00001216
0.00001240
0.00001216
0.00001240
0.00001192
0.00001216
0.00001287
0.00001240
0.00001264
0.00001216
0.00001192
0.00001216
0.00003219
0.00001240
0.00001264
0.00001168
0.00001192
0.00001168
0.00001168
0.00001168
0.00001144
0.00001168
0.00001168
0.00001192
0.00001216
0.00001192
0.00001168
0.00001192
0.00001216
0.00001144
0.00001168
0.00001192
0.00001192
0.00001168
0.00001168
0.00001168
0.00001168
0.00001240
0.00001192
0.00001168
0.00001216
0.00001168
0.00001216
0.00001192
0.00001192
0.00001168
0.00001192
0.00001168
0.00001240
0.00001216
0.00001168
0.00001168
0.00001216
0.00001168
0.00001192
0.00001144
0.00001168
0.00001168
0.00001168
0.00001168
0.00001168
0.00001168
0.00001287
0.00001240
0.00001144
0.00001216
0.00001168
0.00001144
0.00001192
0.00001192
0.00001240
0.00001192
0.00001144
0.00001192
0.00001168
0.00001192
0.00001168
0.00001168
0.00001192
0.00001192
0.00001264
0.00001192
0.00001192
0.00001168
0.00001216
0.00001240
0.00001192
0.00001264
0.00001216
0.00001216
0.00001168
0.00001144
0.00001121
0.00001121
0.00001121
0.00001121
0.00001097
0.00001121
0.00001097
0.00001121
0.00001121
0.00001144
0.00001144
0.00001121
0.00001168
0.00001168
0.00001216
0.00001168
0.00001121
0.00001144
0.00001168
0.00001168
0.00001168
0.00001168
0.00001168
0.00001216
0.00001168
0.00001168
0.00001192
0.00001168
0.00001192
0.00001216
0.00001168
0.00001192
0.00001144
0.00001168
0.00001192
0.00001192
0.00001216
0.00001168
0.00001168
0.00001168
0.00001168
0.00001168
0.00001192
0.00001121
0.00001144
0.00001121
0.00001121
0.00001192
0.00001144
0.00001144
0.00001144
0.00001168
0.00001168
0.00001121
0.00001168
0.00001168
0.00001192
0.00001168
0.00001168
0.00001144
0.00001168
0.00001168
0.00001168
0.00001144
0.00001144
0.00001144
0.00001216
0.00001144
0.00001192
0.00001168
0.00001144
0.00001144
0.00001144
0.00001144
0.00001216
0.00001168
0.00001121
0.00001073
0.00001121
0.00001144
0.00001097
0.00001097
0.00001121
0.00001097
0.00001097
0.00001097
0.00001121
0.00020504
0.00001240
0.00001073
0.00001121
0.00001097
0.00001097
0.00001097
0.00001049
0.00001049
0.00001073
0.00001073
0.00001097
0.00001073
0.00001097
0.00001097
0.00001097
0.00001097
0.00001073
0.00001073
0.00001097
0.00001097
0.00001121
0.00001073
0.00001049
0.00001097
0.00001097
0.00001049
0.00001049
0.00001049
0.00001097
0.00001073
0.00001073
0.00001049
0.00001073
0.00001049
0.00001049
0.00001073
0.00001073
0.00001025
0.00001049
0.00002193
0.00001121
0.00001121
0.00001049
0.00001073
0.00001121
0.00001073
0.00001049
0.00001073
0.00001097
0.00001049
0.00001121
0.00001073
0.00001121
0.00001097
0.00001025
0.00001049
0.00001073
0.00001073
0.00001073
0.00001073
0.00001097
0.00001025
0.00001073
0.00001073
0.00001073
0.00001073
0.00001097
0.00003171
0.00001121
0.00002789
0.00001049
0.00001025
0.00001025
0.00001049
0.00001025
0.00001025
0.00001025
0.00001025
0.00001049
0.00001025
0.00001025
0.00000978
0.00001025
0.00001049
0.00001025
0.00001025
0.00001001
0.00001049
0.00001025
0.00001001
0.00000978
0.00001025
0.00001001
0.00001001
0.00001025
0.00001025
0.00001049
0.00001121
0.00001025
0.00001073
0.00001049
0.00001049
0.00001025
0.00001073
0.00001073
0.00001025
0.00001049
0.00000978
0.00001049
0.00001025
0.00001025
0.00001001
0.00001025
0.00001025
0.00001001
0.00001049
0.00001049
0.00001049
0.00001049
0.00001049
0.00001001
0.00001001
0.00001001
0.00001001
0.00001001
0.00001001
0.00001121
0.00001025
0.00001001
0.00000978
0.00001001
0.00000954
0.00000954
0.00001025
0.00001001
0.00001001
0.00000978
0.00001049
0.00001025
0.00001001
0.00001025
0.00001001
0.00001001
0.00001001
0.00000978
0.00000978
0.00001001
0.00001001
0.00001001
0.00001001
0.00002742
0.00000954
0.00000978
0.00000954
0.00001049
0.00001001
0.00001049
0.00001025
0.00001001
0.00001001
0.00001001
0.00000954
0.00000954
0.00000978
0.00000978
0.00000930
0.00000978
0.00000930
0.00000930
0.00000930
0.00000930
0.00000930
0.00000954
0.00000906
0.00000930
0.00000954
0.00000954
0.00000954
0.00000978
0.00000978
0.00000978
0.00000978
0.00000930
0.00000954
0.00000930
0.00000978
0.00000954
0.00001001
0.00000930
0.00000954
0.00000930
0.00000906
0.00000930
0.00000906
0.00000930
0.00000978
0.00000978
0.00000954
0.00000954
0.00000954
0.00000954
0.00000978
0.00000930
0.00000954
0.00000930
0.00000930
0.00000954
0.00000930
0.00000954
0.00000954
0.00000930
0.00000954
0.00000930
0.00000954
0.00000954
0.00000930
0.00000930
0.00000978
0.00001001
0.00000978
0.00000954
0.00000930
0.00000954
0.00000954
0.00000930
0.00000906
0.00000930
0.00000930
0.00000954
0.00000954
0.00000954
0.00000954
0.00000978
